   1. 27.01.1957 8,12,31,39,43,45
   2. 03.02.1957 5,10,11,22,25,27
   3. 10.02.1957 18,19,20,26,45,49
   4. 17.02.1957 2,11,14,37,40,45
   5. 24.02.1957 8,10,15,35,39,49
   6. 03.03.1957 24,26,31,35,43,47
   7. 10.03.1957 13,20,23,29,38,44
   8. 17.03.1957 8,13,15,22,38,47
   9. 24.03.1957 3,10,27,29,34,42
  10. 31.03.1957 4,5,6,13,23,25
  11. 07.04.1957 1,7,13,15,21,39
  12. 14.04.1957 2,4,31,38,39,46
  13. 28.04.1957 15,18,22,26,33,38
  14. 05.05.1957 2,4,11,18,25,48
  15. 12.05.1957 2,8,28,31,32,33
  16. 19.05.1957 10,13,19,21,32,34
  17. 26.05.1957 16,24,25,29,32,36
  18. 02.06.1957 10,11,12,31,32,33
  19. 09.06.1957 5,16,23,30,32,46
  20. 16.06.1957 3,5,11,14,33,48
  21. 23.06.1957 4,9,16,19,28,39
  22. 30.06.1957 13,19,21,24,30,36
  23. 07.07.1957 8,14,24,26,30,33
  24. 14.07.1957 1,11,14,25,44,49
  25. 21.07.1957 3,6,13,22,27,33
  26. 28.07.1957 1,13,19,21,27,35
  27. 04.08.1957 2,5,15,20,30,48
  28. 11.08.1957 4,19,21,32,34,37
  29. 18.08.1957 1,6,17,27,40,44
  30. 25.08.1957 8,20,39,41,45,49
  31. 01.09.1957 5,16,17,38,40,48
  32. 08.09.1957 6,16,21,25,43,48
  33. 15.09.1957 5,10,16,18,40,42
  34. 22.09.1957 1,15,16,19,47,48
  35. 29.09.1957 4,12,30,35,46,48
  36. 06.10.1957 2,8,9,12,16,30
  37. 13.10.1957 18,22,27,31,35,36
  38. 20.10.1957 22,24,37,40,41,45
  39. 27.10.1957 1,9,14,27,32,34
  40. 03.11.1957 13,21,28,36,39,40
  41. 10.11.1957 8,19,28,30,31,47
  42. 17.11.1957 1,7,9,14,45,48
  43. 24.11.1957 2,6,18,20,40,49
  44. 01.12.1957 5,8,14,26,32,44
  45. 08.12.1957 11,17,24,35,42,47
  46. 15.12.1957 7,12,19,36,42,49
  47. 22.12.1957 8,15,24,27,37,46
